1030	56	65633.3333	248	7743.33333	571000	19.9333333	61983.3333	591.5	26733.3333	12.6933333	154.3	1408.16667	9.80833333	286.666667	Êàáåðíå	Àíàïñêàÿ
922.833333	55.2166667	66783.3333	260.5	7828.33333	599550	20.3166667	63166.6667	601.833333	27216.6667	12.9566667	146.383333	1423.16667	9.955	299.833333	Êàáåðíå	Àíàïñêàÿ
1178.16667	68.6666667	67850	127.7	13440	707500	21.4166667	64033.3333	609	28916.6667	10.4533333	157.383333	1445.5	11.0666667	369.333333	Ìåðëî	Àíàïñêàÿ
1198.33333	70.9	68366.6667	107.183333	13680	707500	21.95	65083.3333	619.166667	28483.3333	9.12	154.6	1468	11.3533333	318	Ìåðëî	Àíàïñêàÿ
2326	57	76569	70	10229	712221	22	85465	1037	20090	24	335	1503	55	329	Ìåðëî	Àíàïñêàÿ
492	29	55948	47	6750	643124	12	76114	969	11458	29	641	1255	7	506	Êàáåðíå	Àíàïñêàÿ
505	30	63083	49	11437	698541	13	81937	1402	9979	34	719	1229	6.5	504	Ìåðëî	Àíàïñêàÿ
1273	50	57860	22	12600	780600	33	79660	1830	9130	49	1080	1236	3.3	449	Ìåðëî	Àíàïñêàÿ
946.166667	174.590667	55715.3333	20.95	10739.2467	739570.5	48.3056667	64447.3733	1844.92433	13944.1	46.639	1231.76867	1085.821	9.76966667	439.736667	Ìåðëî	Àíàïñêàÿ
965.166667	189.990667	55695.3333	42.6	10859.2467	921557.35	47.6756667	64887.3733	1866.92433	9954.1	53.539	1245.76867	1079.821	12.2496667	437.436667	Ìåðëî	Àíàïñêàÿ
961.166667	154.290667	55565.3333	17.43	10689.2467	880957.35	47.6556667	64357.3733	1844.92433	10004.1	51.219	1212.76867	1069.821	12.7596667	411.736667	Ìåðëî	Àíàïñêàÿ
471.366667	129.990667	59545.3333	130.8	23739.2467	590557.35	9.01666667	63827.3733	848.824333	10554.1	41.549	486.168667	1003.821	19.0596667	519.136667	Ìåðëî	Àíàïñêàÿ
463	74.0106667	56525.3333	132.4	23789.2467	613957.35	8.37166667	63887.3733	846.524333	9147.1	42.219	515.468667	1009.821	26.4696667	487.436667	Ìåðëî	Àíàïñêàÿ
450	77.1406667	56695.3333	136.3	23569.2467	579557.35	8.07866667	64047.3733	849.724333	8218.1	44.489	482.268667	997.821	7.63966667	478.036667	Ìåðëî	Àíàïñêàÿ
1147.465	120.564	54184.1275	65.0015	12183.975	741095.308	46.4642685	77770.1675	1542	12709.675	42.6395	1421.64725	1053.03925	1.346	385.1205	Ìåðëî	Àíàïñêàÿ
1190.465	118.464	53594.1275	64.7015	12083.975	743295.308	46.8264124	77870.1675	1534	12229.675	40.7195	1450.64725	1052.03925	0.326	394.2205	Ìåðëî	Àíàïñêàÿ
1191.465	124.964	54704.1275	63.9815	12263.975	740395.308	46.947127	79270.1675	1553	12599.675	41.6995	1465.64725	1065.03925	3.026	388.7205	Ìåðëî	Àíàïñêàÿ
1123.78333	84.83	60146.4	17.84	11538.3	735300	18.85	72140	988.065	31980.1333	39.8366667	107	1374.38567	6.408	274.374	Ìåðëî	Àíàïñêàÿ
1162.78333	91.73	62146.4	22.41	11638.3	734700	19.04	70480	998.665	32390.1333	11.0766667	112.7	1371.38567	7.647	309.174	Ìåðëî	Àíàïñêàÿ
1143.78333	105.03	60796.4	17.09	11268.3	722000	18.63	70060	972.165	30370.1333	12.6666667	107.4	1345.38567	8.374	293.874	Ìåðëî	Àíàïñêàÿ
1151.78333	120.13	61706.4	2.14	11478.3	738500	18.86	70980	1001.665	31800.1333	14.9166667	115.2	1360.38567	8.964	282.574	Ìåðëî	Àíàïñêàÿ
1124.78333	109.73	60626.4	0	11688.3	741400	19.05	70700	1004.665	30830.1333	10.3766667	120.4	1386.38567	9.005	267.174	Ìåðëî	Àíàïñêàÿ
1094.78333	85.73	59266.4	0	11498.3	729100	18.54	75260	988.865	30660.1333	9.58666667	107.5	1363.38567	8.45	268.774	Ìåðëî	Àíàïñêàÿ
1179.78333	174.63	60996.4	40.91	11408.3	735400	18.56	70440	987.965	30790.1333	15.3466667	104.7	1349.38567	10.21	292.874	Ìåðëî	Àíàïñêàÿ
1106.78333	109.03	60336.4	42.54	11478.3	724600	19.02	70020	997.165	30570.1333	10.1666667	101.5	1368.38567	9.071	273.574	Ìåðëî	Àíàïñêàÿ
1105.78333	127.43	60706.4	36.14	11408.3	735500	18.68	71460	999.665	30710.1333	10.3666667	121.9	1356.38567	7.567	332.674	Ìåðëî	Àíàïñêàÿ
510.366667	85.2106667	56765.3333	45.84	7059.24667	581357.35	17.3656667	61217.3733	985.024333	13274.1	34.679	645.968667	1122.821	11.4996667	481.436667	Êàáåðíå	Àíàïñêàÿ
355.466667	95.0906667	56595.3333	40.82	7075.24667	570157.35	17.3456667	61867.3733	1001.92433	12714.1	33.099	665.868667	1130.821	8.54966667	471.036667	Êàáåðíå	Àíàïñêàÿ
350.066667	116.390667	61105.3333	43.34	10649.2467	666157.35	18.3756667	67107.3733	1459.92433	10624.1	36.809	776.768667	1085.821	8.25966667	481.636667	Êàáåðíå	Àíàïñêàÿ
358.066667	125.990667	60085.3333	54.61	10769.2467	648957.35	18.5256667	68197.3733	1485.92433	10804.1	40.369	777.168667	1101.821	9.29966667	490.036667	Êàáåðíå	Àíàïñêàÿ
540.965	74.994	56084.1275	31.9315	11193.975	715595.308	20.4035655	84740.1675	1273	12509.675	26.8295	1101.64725	1004.03925	6.696	446.2205	Êàáåðíå	Àíàïñêàÿ
447.065	86.724	55504.1275	33.3415	11183.975	732495.308	20.0251013	86420.1675	1262	12239.675	28.5495	1094.64725	995.13925	1.046	443.8205	Êàáåðíå	Àíàïñêàÿ
552.465	57.854	55464.1275	31.7915	11053.975	701495.308	19.9762672	82810.1675	1265	12419.675	26.3295	1070.64725	991.13925	1.636	438.8205	Êàáåðíå	Àíàïñêàÿ
696.265	87.364	48924.1275	12.9015	3955.975	767695.308	11.2207181	92180.1675	588.3	25889.675	8.4195	354.74725	1038.03925	4.806	105.7205	Êàáåðíå	Àíàïñêàÿ
651.865	85.024	49314.1275	7.9315	4095.975	758395.308	11.1317743	90890.1675	593	26629.675	7.4695	368.54725	1042.03925	2.096	143.4205	Êàáåðíå	Àíàïñêàÿ
714.565	87.764	49174.1275	9.7315	3800.975	753595.308	11.0724784	90640.1675	595.2	25689.675	9.5695	362.64725	1040.03925	4.126	111.7205	Êàáåðíå	Àíàïñêàÿ
1063.1	120.484667	66438.3333	333.5	6338.64667	469681.436	24.7259947	51101.3216	785.103333	34187.5367	24.9353333	158.233333	1389.36167	6.039	308.353333	Êàáåðíå	Àíàïñêàÿ
1611.1	109.784667	66838.3333	328.4	6547.64667	580792.547	24.7621438	62466.9604	794.003333	32267.5367	26.9653333	139.633333	1402.36167	11.464	314.353333	Êàáåðíå	Àíàïñêàÿ
1167.1	125.984667	69118.3333	334.6	7063.64667	592888.458	24.0753107	74499.6853	800.803333	32127.5367	29.2553333	121.433333	1389.36167	6.542	366.453333	Êàáåðíå	Àíàïñêàÿ
1475.25667	162.5	80946.8333	45.78	14565.4667	850700	22.96	83220	1207.99133	37590.3	28.1546667	152.5	1696.156	9.811	529.850333	Êàáåðíå	Àíàïñêàÿ
854.166667	153.783333	61100	84.4833333	3791.66667	784600	15.9666667	78966.6667	1203.66667	33550	17.1333333	752.666667	1281.16667	24.65	749.666667	Ìåðëî	Þæíî-ïðåäãîðíàÿ
857.5	148.85	59083.3333	82.25	3688.33333	784600	16.09	77016.6667	1168.16667	33416.6667	17	672.166667	1242.16667	22.45	737.166667	Ìåðëî	Þæíî-ïðåäãîðíàÿ
886.416711	109.564367	63496.1139	24.3664122	4629.85463	1117847.96	7.90128996	108433.132	870.121966	57134	294.039054	4378.81787	1102	38.8971722	982.170108	Ìåðëî	Þæíî-ïðåäãîðíàÿ
622.67581	107.916581	62945.481	16.8651399	4463.57509	1056644.52	7.05776781	102413.01	865.973449	49904	195.066804	4478.8866	1096	33.5501285	993.384865	Ìåðëî	Þæíî-ïðåäãîðíàÿ
1032.10718	86.8352214	58246.1139	15.6641221	4853.80336	1019280.63	9.08805384	108433.132	849.379382	48214	200.822199	4438.19931	956	47.1028278	795.921287	Ìåðëî	Þæíî-ïðåäãîðíàÿ
706.228927	88.7713697	59413.8354	14.3307888	5011.43252	1058363.72	7.30454291	111649.361	871.988799	48204	206.783145	4596.54983	979.8	34.3521851	759.866366	Ìåðëî	Þæíî-ïðåäãîðíàÿ
296.258377	166.763848	40431.4354	64.9767008	3120.58824	583100	12.7603999	102300	1503.7342	20854.1833	9.92768792	950	875.926287	3.76104024	534.778813	Êàáåðíå	Þæíî-ïðåäãîðíàÿ
325.437453	240.233236	49698.4763	65.2143523	2014.70588	577200	14.5662689	98370	1422.73075	14400	23.20647	1788.50553	488.787051	6.69627085	297.875437	Êàáåðíå	Þæíî-ïðåäãîðíàÿ
185.586392	49.5085066	39304.4152	136.267606	1264.86874	1094000	3.04968502	92720	1100.13736	7915.43943	10.1398866	958.587495	601.470871	4.30929791	384.055904	Êàáåðíå	Þæíî-ïðåäãîðíàÿ
207.072516	50.5434783	39959.7211	134.286972	1271.16945	1410000	3.54043894	116800	1112.77473	8260.33254	18.1332703	936.570721	593.395501	6.48956357	402.0251	Êàáåðíå	Þæíî-ïðåäãîðíàÿ
1093.35	203.7	59250	43.2369146	3945	1518000	23.16	138700	1663.5	75120	26.565	906.75	1739.7	30.21	757.95	Êàáåðíå	Þæíî-ïðåäãîðíàÿ
1147.35	253.05	63270	51.8870523	4155	1543000	25.17	140800	1740	80265	28.38	961.35	1850.7	33.6	954.45	Êàáåðíå	Þæíî-ïðåäãîðíàÿ
1269.9	217.2	62445	46.0330579	4336.5	1530500	26.37	139750	1761	78540	36.045	957.45	1854	34.245	823.5	Êàáåðíå	Þæíî-ïðåäãîðíàÿ
801.3	217.65	71565	92.2999036	4773	873600	14.46	96860	2367	29910	59.13	1191.45	1665.9	36.1578947	997.2	Êàáåðíå	Þæíî-ïðåäãîðíàÿ
761.55	193.65	64260	87.1070395	4125	846400	13.1925	92790	2041.5	28005	118.785	1005	1467.3	33.9186603	888	Êàáåðíå	Þæíî-ïðåäãîðíàÿ
679.2	171	57645	74.4792671	3745.5	860000	11.541	94825	1803	24270	71.01	832.2	1290	28.7655502	780	Êàáåðíå	Þæíî-ïðåäãîðíàÿ
660.9	102.645	56655	27.4831244	3937.5	1459000	9.3375	128900	1429.95	15045	44.295	773.25	1671	65.0956938	688.8	Êàáåðíå	Þæíî-ïðåäãîðíàÿ
650.85	115.05	54045	43.1629701	3796.5	1632000	8.6955	142300	1347.45	16185	250.65	708.45	1577.7	62.6411483	735.9	Êàáåðíå	Þæíî-ïðåäãîðíàÿ
614.25	103.395	52665	28.8862102	3688.5	1545500	7.89	135600	1312.2	14116.5	56.85	702.3	1529.7	62.6698565	660.45	Êàáåðíå	Þæíî-ïðåäãîðíàÿ
913.8	174.6	53010	84.8216008	3388.5	1851000	21.78	144200	2100	21375	32.7	1082.85	1797.9	29.0956938	663.9	Ìåðëî	Þæíî-ïðåäãîðíàÿ
899.85	168.6	51720	78.948891	3283.5	1749000	21.03	138200	2049	21150	27.285	1074.45	1758.9	28.7799043	647.7	Ìåðëî	Þæíî-ïðåäãîðíàÿ
872.85	167.4	51570	80.2217936	3294	1800000	21.315	141200	2026.5	20880	38.52	1061.7	1732.2	25.708134	668.4	Ìåðëî	Þæíî-ïðåäãîðíàÿ
1145.7	198.45	45135	78.4570878	3867	1294000	24.39	119000	1498.2	84090	19.26	670.05	1679.7	30.1578947	877.95	Ìåðëî	Þæíî-ïðåäãîðíàÿ
1047.15	194.1	51750	96.5814851	4399.5	1339000	25.17	123000	1735.5	96525	30.765	786.45	1938.3	34.1770335	628.2	Ìåðëî	Þæíî-ïðåäãîðíàÿ
1272.75	181.5	50085	89.2333655	4206	1316500	24.81	121000	1678.5	102120	22.32	768	1875.9	42.5167464	553.8	Ìåðëî	Þæíî-ïðåäãîðíàÿ
658.5	52.7166667	56500	76.6666667	2946.66667	1203200	23.1166667	80316.6667	1014.33333	42183.3333	16.2016667	967.833333	1180.16667	11.97	756	Êàáåðíå	×åðíîìîðñêàÿ
685.666667	52.5666667	56616.6667	75.4	2931.66667	1203200	22.85	80116.6667	1010.83333	41016.6667	17.5666667	943.5	1169.5	12.7966667	749.5	Êàáåðíå	×åðíîìîðñêàÿ
788.166667	57.05	70950	93.1333333	3660	857500	9.89833333	73383.3333	969	18150	13.3616667	945.666667	1099	11.7133333	736.5	Êàáåðíå	×åðíîìîðñêàÿ
808.666667	56.9833333	69833.3333	92.15	3666.66667	857500	9.98666667	74400	978.5	19550	4.46333333	911.166667	1096.5	9.68833333	713	Êàáåðíå	×åðíîìîðñêàÿ
778.666667	54.3166667	60650	68.05	2983.33333	1422800	24.2666667	83816.6667	1054.16667	44966.6667	17.95	1050.5	1223.33333	11.0933333	790.666667	Êàáåðíå	×åðíîìîðñêàÿ
726	53.9166667	59183.3333	76.6166667	2963.33333	1422800	23.7666667	81866.6667	1037	43600	16.6283333	1014.66667	1208.16667	10.875	783.833333	Êàáåðíå	×åðíîìîðñêàÿ
1125.16667	69.5833333	64966.6667	82.7333333	4876.66667	954400	12.0416667	79683.3333	1141.16667	23400	15.5016667	919.333333	1171	6.73666667	577.333333	Êàáåðíå	×åðíîìîðñêàÿ
1146.33333	70.3166667	65050	86.4333333	4966.66667	954400	12.2866667	80266.6667	1152.66667	28183.3333	16.7833333	973.333333	1186.16667	7.80166667	578.5	Êàáåðíå	×åðíîìîðñêàÿ
1295.33333	70.6166667	64833.3333	93.95	5045	945300	12.2866667	81650	1176.16667	24200	17.0166667	1011	1196.16667	9.67833333	557.166667	Êàáåðíå	×åðíîìîðñêàÿ
1261.5	70.2166667	63216.6667	93.3166667	4941.66667	945300	12.3083333	80100	1149.16667	24466.6667	18.05	958.666667	1173.33333	8.13166667	529.666667	Êàáåðíå	×åðíîìîðñêàÿ
780.833333	65	59266.6667	60.4	3656.66667	924800	12.1066667	76200	1118.5	19633.3333	13.97	961	1157.33333	5.29333333	809.833333	Êàáåðíå	×åðíîìîðñêàÿ
752	64.2666667	58883.3333	67.8166667	3566.66667	924800	11.8866667	75683.3333	1107.83333	18966.6667	16.34	938.333333	1142.33333	6.28666667	801.833333	Êàáåðíå	×åðíîìîðñêàÿ
1466.25	167.1	56760	183.51754	5875.5	1085000	77.805	124900	936.75	59355	67.86	371.4	3216	40.8261986	751.2	Êàáåðíå	×åðíîìîðñêàÿ
1315.95	160.5	53505	167.659779	5521.5	1039000	74.115	119400	876.9	56265	33.885	360.9	3024	33.1335616	706.65	Êàáåðíå	×åðíîìîðñêàÿ
1295.55	157.35	53250	174.435368	5448	1062000	72.855	122150	852.9	56355	49.65	392.7	2976.3	31.682363	712.5	Êàáåðíå	×åðíîìîðñêàÿ
1325.85	143.175	52605	148.05382	3784.5	1023000	9.7755	132200	1415.7	36180	57.36	626.4	1369.2	25.9032534	1063	Êàáåðíå	×åðíîìîðñêàÿ
1621.5	161.25	58155	164.77655	4389	1211000	11.1285	153200	1448.1	41205	71.715	718.95	1581.9	25.672089	1061.7	Êàáåðíå	×åðíîìîðñêàÿ
1492.65	142.92	53325	153.243633	4167	1117000	9.8025	142700	1293.75	37140	130.125	647.55	1432.2	22.2688356	940.05	Êàáåðíå	×åðíîìîðñêàÿ
659.833333	108.466667	92283.3333	104.766667	2585	814800	31.1166667	121100	1751.66667	36500	21.6666667	1796.66667	1459.5	5.085	509.166667	Êàáåðíå	Òàìàíñêàÿ
743.166667	109.3	92350	96.5833333	2581.66667	814800	30.8333333	119816.667	1731.66667	36683.3333	21.3	1740	1445.16667	9.08333333	513.5	Êàáåðíå	Òàìàíñêàÿ
787.666667	99.9666667	64066.6667	55.8833333	4645	854300	25.7833333	95633.3333	1081.83333	41200	17.75	1533.33333	1023.33333	5.78666667	418.666667	Êàáåðíå	Òàìàíñêàÿ
790.5	99.1166667	62750	49.9333333	4520	854300	24.15	92666.6667	1051.5	38966.6667	16.2633333	1499	1003.5	8.865	403.666667	Êàáåðíå	Òàìàíñêàÿ
821.833333	76.85	62983.3333	66.8166667	4408.33333	850100	24.5166667	93266.6667	1076.16667	34500	12.95	1502.33333	1041	6.715	436.333333	Êàáåðíå	Òàìàíñêàÿ
805.5	81.4833333	61316.6667	57.8166667	4353.33333	850100	24.4	92133.3333	1066.5	33650	15.7316667	1507.66667	1027	5.355	425	Êàáåðíå	Òàìàíñêàÿ
791.833333	76.2333333	62650	52.5166667	4335	853000	24.4166667	92400	1070.83333	34100	17.2833333	1520	1025.83333	6.45166667	444.333333	Êàáåðíå	Òàìàíñêàÿ
853	77.6666667	62650	63.05	4386.66667	853000	24.6833333	92900	1076.33333	35600	14.79	1536.33333	1040.83333	4.105	428.666667	Êàáåðíå	Òàìàíñêàÿ
840.833333	74.7333333	62116.6667	56.15	4301.66667	853900	24.35	92700	1065.16667	33566.6667	15.5216667	1519.66667	1019.83333	7.11166667	432.333333	Êàáåðíå	Òàìàíñêàÿ
767.166667	74.6	61983.3333	53.3333333	4281.66667	853900	23.95	90816.6667	1050	33500	15.5316667	1495.33333	1019.16667	6.27166667	449.166667	Êàáåðíå	Òàìàíñêàÿ
557.333333	109.333333	81650	43.35	3470	837000	20.8833333	94633.3333	1269	34433.3333	11.8783333	1499.33333	1279.83333	7.30833333	413.666667	Êàáåðíå	Òàìàíñêàÿ
463.666667	112.316667	83283.3333	47.7666667	3551.66667	837000	21.2	96016.6667	1286	34633.3333	14.8216667	1524.5	1296	5.67333333	416.166667	Êàáåðíå	Òàìàíñêàÿ
763.666667	79.3666667	63100	65.5	4401.66667	851900	24.6166667	93033.3333	1080.33333	34750	17.1333333	1547.16667	1046.66667	4.71333333	437.333333	Êàáåðíå	Òàìàíñêàÿ
779.666667	76.15	61283.3333	68.4333333	4306.66667	851900	24.05	92433.3333	1062.83333	33683.3333	14.405	1515.83333	1012.5	11.2133333	439.333333	Êàáåðíå	Òàìàíñêàÿ
1496	104.116667	72666.6667	71.75	4366.66667	737600	28.5	98400	1118.33333	53650	20.45	1271.66667	1454.33333	8.63333333	462.833333	Êàáåðíå	Òàìàíñêàÿ
589.666667	34.7666667	77633.3333	42.8083333	3658.33333	628083.333	15.6933333	84058.3333	1255.41667	19850	29.5416667	887.583333	1075.91667	7.57	428.416667	Êàáåðíå	Òàìàíñêàÿ
977.666667	61.2	78241.6667	13.9258333	2471.66667	789750	32.6583333	126733.333	1925.83333	29000	23.05	1682.33333	1852.5	8.71166667	852.083333	Êàáåðíå	Òàìàíñêàÿ
1117.12664	217.933844	55330.0866	21.2961211	5358.56972	838863.88	23.3805787	143261.453	1305	36080.8728	200.591133	7256.61856	1299	36.042957	527.680369	Ìåðëî	Òàìàíñêàÿ
1142.82566	223.213894	55372.3866	24.9479659	5436.01992	892476.445	76.221155	151599.041	1319	37816.7142	201.871921	7348.98969	1310	37.7312687	531.245805	Ìåðëî	Òàìàíñêàÿ
1704.09211	163.062739	75052.4924	41.1636708	5801.27888	772403.837	33.6417945	135235.045	1179	93201.746	215.270936	6872.83849	1374	45.2537463	469.899329	Ìåðëî	Òàìàíñêàÿ
1802.77632	159.128585	73392.2148	36.6319773	5784.06773	756014.152	31.0647769	134162.968	1172	91852.6465	213.399015	6783.76632	1367	46.9220779	438.544463	Ìåðëî	Òàìàíñêàÿ
1733.90296	178.592297	74513.1666	44.0870388	5923.66932	767819.309	32.6578423	146285.68	1305	83847.9894	217.142857	6916.82474	1506	45.3136863	451.338087	Ìåðëî	Òàìàíñêàÿ
1713.34375	175.382855	72863.464	45.9602649	5906.45817	749022.748	34.2743352	141914.906	1273	82220.076	222.955665	6729.88316	1476	46.8121878	486.782718	Ìåðëî	Òàìàíñêàÿ
1366.92105	291.440418	58692.9418	28.1835383	5953.31076	853942.414	21.9515052	149472.105	1484	39903.3214	220.394089	8047.27148	1467	47.3816184	555.364933	Ìåðëî	Òàìàíñêàÿ
1227.11842	288.645098	55467.5618	29.7350993	5746.77689	787973.827	21.4478154	139858.357	1368	39165.8137	249.162562	7645.89691	1386	43.7952048	529.253356	Ìåðëî	Òàìàíñêàÿ
2228.35197	149.086137	74692.9418	41.4664144	6801.43825	650696.34	32.4587091	146919.783	1252	99677.4237	224.926108	6621.01718	1415	39.6093906	418.724832	Ìåðëî	Òàìàíñêàÿ
2340.39967	153.123822	73170.1395	43.6802271	6773.70916	646821.995	34.0517746	143091.299	1256	96979.2247	229.064039	6445.07216	1405	39.1698302	432.357383	Ìåðëî	Òàìàíñêàÿ
1799.69243	145.876695	73286.4646	37.3699149	6072.83267	671200.398	34.1923392	139605.819	1215	98778.024	225.320197	6518.74914	1416	48.1208791	431.098993	Ìåðëî	Òàìàíñêàÿ
1903.51645	146.911999	74566.0416	37.218543	6188.52988	658478.335	33.6769357	137626.6	1227	99947.2436	222.26601	6817.85567	1435	44.0649351	446.30453	Ìåðëî	Òàìàíñêàÿ
2337.09716	156.526262	75049.9114	28.8956743	6299.37805	730455.413	32.6191812	148924.638	1237.36943	110034	221.582734	7071.87629	1305	43.4524422	708.509066	Ìåðëî	Òàìàíñêàÿ
2037.4875	141.284243	70692.3165	29.6284987	6080.23508	663062.862	31.015143	135977.252	1160.62186	104534	229.496403	6603.42268	1236	49.8174807	546.681165	Ìåðëî	Òàìàíñêàÿ
544.285714	137.914286	54406.7797	26.7851467	2895.97781	571547.002	30.0813646	204356.436	1785.71429	18623.3766	31.3	9004.79931	1374.12823	14.3714286	694.884826	Ìåðëî	Òàìàíñêàÿ
546.571429	167.285714	54334.1404	24.8133614	2894.69754	573915.618	29.8848614	206275.704	1802.85714	19714.2857	30.4857143	8922.21941	1374.12823	11.8442857	697.02699	Ìåðëî	Òàìàíñêàÿ
556.857143	136.828571	53789.3462	25.9134101	2871.65262	568112.509	29.9994883	203625.286	1770	19745.4545	29.7571429	8758.85483	1364.67942	13.0671429	690.765281	Ìåðëî	Òàìàíñêàÿ
954.285714	140.228571	61011.9648	20.6829901	3725.59479	531754.256	30.4579957	173099.772	1690	54794.8052	39.7428571	8974.28065	1397.07537	16.8285714	650.064178	Ìåðëî	Òàìàíñêàÿ
946.571429	135.114286	55839.7002	19.2404735	3519.47082	534359.734	28.4274627	178583.397	1617.14286	51350.6494	35.8857143	8435.7161	1318.78515	19.8714286	621.227364	Ìåðëî	Òàìàíñêàÿ
949.142857	141.5	59818.3653	20.5792119	3748.63971	523464.101	30.3761194	175841.584	1705.71429	54280.5195	36.8142857	8986.84715	1405.17435	18.1857143	651.876778	Ìåðëî	Òàìàíñêàÿ
1468.57143	192.285714	64610.062	32.7799025	3940.68068	714374.537	30.3872113	203351.104	1363	62862.6244	27.2892758	6224.011	1539.41217	20.9571429	492.901561	Ìåðëî	Òàìàíñêàÿ
1465.71429	176.571429	64454.3751	33.3798275	3997.38477	703123.612	29.8484826	202985.529	1362.42857	60018.3064	27.9857539	6232.98708	1526.28845	19.1714286	487.383401	Ìåðëî	Òàìàíñêàÿ
1484.28571	177.571429	64540.8678	29.9962505	4028.76757	713308.66	30.0814463	205544.554	1367.42857	61200.7757	29.7332806	6311.97655	1536.78742	20.7571429	494.362251	Ìåðëî	Òàìàíñêàÿ
781	114.728571	50650.1369	85.3333333	2181.10494	812790.526	15.5066507	168255.903	1390.57143	47570.4202	27.086664	8134.11995	935.327409	16.9142857	361.764103	Ìåðëî	Òàìàíñêàÿ
783.285714	113.642857	50304.1661	83.8815148	2157.56783	823212.435	15.0261629	171180.503	1380.42857	46515.7854	27.352592	7882.78982	921.416268	15.5857143	359.654218	Ìåðëî	Òàìàíñêàÿ
1036.28571	119.7	53193.0229	117.093363	2277.86858	825936.343	16.0308192	171180.503	1454.28571	49024.5378	31.8353779	8563.17637	966.955571	16.6	388.056514	Ìåðëî	Òàìàíñêàÿ
643.678161	107.54491	53312.4523	105.566784	3368.75496	1197000	18.51276	198850	1353.1746	39613.3829	31.2207671	1575.60214	1200.23374	6.38251366	493.866822	Êàáåðíå	Òàìàíñêàÿ
654.351396	112.679641	54577.5401	119.420035	3511.49881	1112000	19.1722067	179600	1382.08617	40349.4424	34.1534144	1673.72881	1255.74601	9.15846995	530.081776	Êàáåðíå	Òàìàíñêàÿ
695.265463	130.179641	54261.2681	115.004394	3628.54877	1282000	19.1561227	218100	1372.5907	41634.2007	34.111319	1680.41927	1242.59836	7.53961749	586.156542	Êàáåðíå	Òàìàíñêàÿ
1603.72195	145.179641	66004.5837	139.586995	7742.42665	638550	28.1310315	159800	2460.31746	105872.119	49.6445276	1321.36485	1977.98987	25.7377049	749.123832	Ìåðëî	Òàìàíñêàÿ
1143.26765	132.275449	62608.0978	121.739895	7652.49802	606100	26.77997	155900	2380.95238	97735.316	23.727783	1330.28546	1947.31204	16.489071	615.216121	Ìåðëî	Òàìàíñêàÿ
1178.02408	134.520958	62566.8449	121.713533	7578.27121	671000	26.5708771	163700	2376.70068	95460.223	25.9167446	1305.75379	1931.2427	14.0846995	624.561916	Ìåðëî	Òàìàíñêàÿ
993.763961	192.12828	73457.899	38.723206	4588.23529	878200	33.7149307	164300	2567.98162	37907.5697	46.4414843	1900.01906	2047.5819	12.8464181	865.395809	Ìåðëî	Òàìàíñêàÿ
1192.99144	153.93586	62011.2269	44.5526561	4070.58824	624600	14.9951629	113700	1402.04902	23564.9402	23.3491912	1152.87838	1057.13729	9.68596663	305.151339	Ìåðëî	Òàìàíñêàÿ
602.150037	150.874636	62372.093	32.3625349	4129.41176	585800	16.4946791	105800	1444.84872	26476.494	29.300666	1183.18719	1036.36895	12.1015702	428.987194	Ìåðëî	Òàìàíñêàÿ
445.085629	112.973761	47879.7113	34.8089469	3007.35294	605200	11.0738471	109750	1058.78974	17756.1753	24.6907707	884.531071	784.223869	7.01570167	221.187427	Ìåðëî	Òàìàíñêàÿ
996.416605	117.376093	61708.0994	32.0410065	2095.58824	944400	20.4772654	173300	1054.91191	44533.8645	14.3149382	1200	1231.18175	8.69970559	351.280559	Êàáåðíå	Òàìàíñêàÿ
1100.42815	123.571429	64147.5541	35.3960857	2205.88235	1020000	20	183300	1108.05247	45078.8845	20.7944814	1205	1261.74922	11.3316977	395.08149	Êàáåðíå	Òàìàíñêàÿ
695.551005	86.2099125	47172.4138	125.158434	2469.11765	1496000	78.9261529	208800	823.678667	20596.0159	15.4567079	705.966451	1800.40952	15.5446516	397.846333	Êàáåðíå	Òàìàíñêàÿ
705.603127	87.1574344	49395.3488	128.625349	2491.17647	1456000	78.2650758	205500	830.716201	21442.2311	16.5413892	736.847122	1870.61232	17.2080471	407.450524	Êàáåðíå	Òàìàíñêàÿ
992.367833	167.492711	66529.2702	38.2758621	5111.76471	1374000	31.586585	275300	2483.24397	28054.1833	43.7725975	2271.73084	1705.34321	9.51815505	864.086147	Êàáåðíå	Òàìàíñêàÿ
974.637007	167.055394	65388.9334	36.8639329	5108.82353	1298000	31.296356	273800	2476.06281	28197.6096	41.0466223	2230.27068	1703.88066	11.1947988	859.429569	Êàáåðíå	Òàìàíñêàÿ
414.231199	124.956268	58518.0433	42.0922647	2914.70588	1221000	20.2999033	195000	1798.16162	18301.1952	14.8715509	1784.21655	1085.94969	5.14033366	339.639115	Êàáåðíå	Òàìàíñêàÿ
393.010052	122.536443	56439.4547	40.8201305	2867.64706	1165000	19.6710738	186700	1768.00077	17498.008	15.7564225	1774.20892	1069.56903	6.05740922	332.508731	Êàáåðíå	Òàìàíñêàÿ
