1383.08263	241.570328	101344.538	82.5030813	3813.93443	443312.731	34.4827586	80172.6054	1394.71099	90767.1958	32.1646623	735.50363	1039.6395	14.1	418.567298	Мускат	Таманская
1458.78101	290.462428	105352.941	63.6811832	3941.80328	507034.049	33.8475499	92328.2118	1256.75454	92566.1376	25.7816836	806.762704	933.163184	12.7550725	405.878574	Мускат	Таманская
1562.14094	139.967712	111076.555	76.0208711	7080.54711	620772.876	31.8193069	106752	1782.30231	73938.9068	45.1320559	837.909226	944.172598	13.178626	478.399635	Мускат	Таманская
990.760245	84.1789668	66722.488	46.2341198	4228.7234	570628.326	36.2376238	98400	1085.65078	41117.3633	47.1517349	491.974206	570.284698	11.6900763	518.408754	Мускат	Таманская
1132.94715	98.5009225	78947.3684	55.8529946	4976.44377	505398.798	38.7623762	88886.4	1277.19448	48762.0579	53.1175557	585.15873	673.932384	12.9618321	546.278354	Мускат	Таманская
813.879664	113.848748	81857.1429	81.9381676	3012.29508	421420.744	26.8602541	57305.0016	1163.62371	62619.0476	22.3820537	483.920145	658.199075	8.21449275	253.292644	Мускат	Таманская
600.459074	76.734104	66226.8908	54.7709532	2463.93443	469993.589	27.9128857	63351.422	944.612739	55899.4709	21.3413506	430.533122	540.756101	7.24347826	262.608416	Мускат	Таманская
752.10002	90.22158	76941.1765	71.4102301	2886.88525	501561.052	27.4410163	67504.4132	1108.35926	59074.0741	19.8149861	511.644737	628.88818	6.96376812	248.795374	Мускат	Таманская
790.437678	94.3541102	75691.1884	52.3616412	4047.50594	422656.706	28.1476998	55567.1547	1392.70366	67468.1393	26.6025974	506.152968	741.411328	8.33770161	328.89755	Мускат	Таманская
756.184586	85.7723577	72247.3727	33.730916	3912.11401	485623.09	26.8038741	62248.2495	1366.0781	60841.1215	28.2077922	493.009132	728.412256	7.53931452	312.193764	Мускат	Таманская
789.724072	94.4896116	80881.1641	40.7681298	4387.1734	505994.567	27.657385	64896.2444	1519.99253	65836.8734	30.0467532	598.621005	813.370474	8.26058468	328.062361	Мускат	Таманская
721.693625	86.5176152	72004.8504	64.2652672	2240.61758	455888.964	25.6053269	55190.3246	1177.83072	55921.8352	32.4935065	487.705479	713.556175	9.72731855	240.701559	Мускат	Таманская
748.810657	89.9051491	80662.8941	52.5763359	2372.44656	452493.718	26.5496368	55709.739	1301.38266	62676.2957	21.5220779	482.171233	788.765088	11.6733871	282.293987	Мускат	Таманская
611.560419	73.7804878	65869.038	49.1412214	1933.49169	493339.559	27.4576271	58490.1337	1083.94058	52786.746	31.9792208	436.052511	653.435469	9.30846774	259.242762	Мускат	Таманская
1206.7079	162.62421	86968.4721	49.7375954	1466.50831	564331.07	34.0496368	87139.4017	1176.89649	103738.318	30.9506494	846.739726	821.959146	13.1355847	358.964365	Мускат	Таманская
1260.46622	163.730804	85949.8787	38.5496183	1481.71021	598900.849	34.122276	93494.5894	1161.48169	101648.258	24.5454545	819.068493	816.388115	27.7167339	358.129176	Мускат	Таманская
1065.41389	147.222222	79814.0663	39.6708015	1346.55582	574619.694	34.594431	90571.6104	1054.04522	93058.6236	34.7532468	744.125571	749.767874	14.2121976	363.140312	Мускат	Таманская
877.497621	119.602529	63080.0323	172.185115	1061.52019	552704.924	37.4723926	86793.1254	827.96151	73432.4554	34.2179837	569.335616	596.100279	13.9842181	363.563951	Мускат	Таманская
1023.07326	145.212285	78310.4285	195.968511	1312.8266	567108.998	33.9570552	88381.9223	1017.14312	93440.9516	29.493188	661.573059	739.786444	13.1162123	328.743741	Мускат	Таманская
835.870599	119.083107	64001.6168	174.475191	1074.10926	518135.144	36.2576687	81802.6735	836.136024	76694.9873	35.640327	574.639269	607.938719	13.2797704	344.446973	Мускат	Таманская
870.256167	116.546438	57838.2706	26.2635379	964.0553	480273.005	31.7852761	77046.4672	873.930829	79106.4175	40.6594005	644.664846	599.567879	14.2539455	419.378698	Мускат	Таманская
1148.24478	144.071235	71072.8583	31.6561372	1228.1106	394671.647	31.7668712	65242.5207	1037.09557	93070.6742	34.8719346	765.022344	715.925459	13.892396	370.56213	Мускат	Таманская
1069.73435	137.8945	69103.2826	41.9900722	1158.98618	511344.652	32.3374233	83177.5939	1025.70658	90706.7425	34.6594005	805.141509	707.373064	15.7388809	381.31543	Мускат	Таманская
376.976574	53.2129964	64071.2042	134.969199	1457.2582	852100	20.5210643	124300	1010.24436	21628.2723	24.0466926	601.739045	622.304833	12.9746411	330.164534	Мускат	Таманская
375.658858	54.2719615	62123.5602	141.36037	1449.23465	1076000	20.4046563	152900	1018.42105	22523.5602	19.3628405	611.465907	613.801115	12.0760766	346.206581	Мускат	Таманская
2026.15655	121.494614	94612.4093	556.868132	8831.63498	716548.337	13.9975485	63954.4345	583.938027	39912.4629	33.72	176.155116	1269.67551	42.3721591	645.56962	Мускат	Анапская
1702.61565	111.840215	92349.718	534.203297	8849.42966	691263.08	14.3604775	60214.8088	580.996274	32181.0089	11.6775	190.456546	1277.33955	42.1590909	329.43038	Мускат	Анапская
1727.50342	111.584381	93089.444	532.554945	8973.9924	679516.386	14.0646984	56309.1945	599.382232	32755.1929	13.5855	207.508251	1290.65077	43.3380682	334.719711	Мускат	Анапская
654.66	93.39	67963.4667	658.4	7488.66667	610800	16.68	51840	719.952	35937.3333	21.1223333	264.3	1400.83467	5.994	575.05	Мускат	Анапская
660.26	87.42	67623.4667	649.1	7253.66667	606800	16.75	51600	702.352	35707.3333	25.4623333	275	1373.83467	4.846	584.55	Мускат	Анапская
616.26	93.58	68963.4667	633.8	7440.66667	581500	16.43	49520	690.952	34707.3333	19.2823333	253.5	1372.83467	4.461	707.35	Мускат	Анапская
673.66	101.7	68833.4667	652.3	7687.66667	619000	17.24	53100	722.652	36467.3333	24.3623333	273.6	1429.83467	4.211	618.95	Мускат	Анапская
659.46	113.5	69233.4667	657.4	7721.66667	614300	17.24	52080	727.252	36897.3333	23.3223333	292.5	1434.83467	5.233	590.95	Мускат	Анапская
702.56	100.5	69513.4667	665.7	7922.66667	616400	17.29	53360	734.752	36607.3333	29.1723333	272.9	1440.83467	4.428	583.15	Мускат	Анапская
772.36	100.9	69543.4667	658.4	8109.66667	601800	17	51200	725.452	35777.3333	45.2323333	274.9	1411.83467	6.837	643.75	Мускат	Анапская
677.26	98.99	69123.4667	669.4	7676.66667	628700	16.97	54000	720.852	37007.3333	29.9623333	271.7	1412.83467	6.137	694.45	Мускат	Анапская
623.06	114.5	65463.4667	624.9	7342.66667	579600	16.21	49620	685.152	34787.3333	22.1523333	259.2	1362.83467	3.035	563.05	Мускат	Анапская
1619.9453	164.571291	70789.916	29.2471241	4042.62295	794366.374	21.5970962	67556.7179	786.597347	40582.0106	27.946346	507.06216	731.974797	17.0434783	708.801799	Мускат	Южно-предгорная
1920.78531	186.295761	83394.958	47.2473295	4696.72131	878220.502	22.4137931	74440.0131	906.33699	46164.0212	27.8214616	586.340744	842.837773	18.3768116	731.60938	Мускат	Южно-предгорная
1056.45161	89.1568981	68911.1289	58.2806859	3758.06452	887730.813	12.8411043	91426.7021	1126.81294	52908.2047	44.9591281	763.517875	611.496219	16.7288379	513.086026	Мускат	Южно-предгорная
1726.58943	136.000923	69521.5311	51.9509982	3255.31915	749245.621	22.9087452	66253.9358	903.802497	45602.8939	32.3134328	612.212302	880.338078	17.2897196	758.698678	Мускат	Южно-предгорная
1955.9077	152.813653	79712.9187	61.5018149	3768.23708	819811.972	21.9771863	73231.65	1024.87703	51824.7588	29.119403	706.899802	998.220641	15.447263	645.615866	Мускат	Южно-предгорная
8109.91957	76.8219557	81913.8756	1174.22868	5250	1187306.87	10.7984791	89768.1456	1465.90049	71768.4887	148.791045	701.889881	1005.33808	22.870494	956.506611	Мускат	Черноморская
8734.6802	79.8431734	88038.2775	1249.31942	5683.1307	1249421.55	10.3726236	93232.4678	1599.27166	74686.4952	146.268657	839.412202	1093.19395	22.0694259	934.93389	Мускат	Черноморская
8284.66105	76.1761993	82655.5024	1184.43739	5391.33739	1159813.48	13.3479087	89228.3787	1510.35755	72564.3087	184.029851	710.907738	1031.80605	32.2162884	1182.49826	Мускат	Черноморская
1940.82727	131.203875	75167.4641	284.482759	5373.1003	747107.246	28.7072243	81210.3864	777.762013	65884.2444	25.8059701	311.617063	761.788256	21.7489987	291.057759	Мускат	Черноморская
2344.40827	156.803506	87679.4258	342.558984	6330.54711	708514.682	32.3574144	76784.2977	877.79039	75771.7042	72.5970149	288.320933	894.572954	23.0841121	765.831594	Мускат	Черноморская
2183.78974	143.173432	80143.5407	325.771325	5797.11246	555264.524	30.2851711	61160.4989	810.631858	71406.7524	39.9253731	277.549603	820.284698	21.1348465	397.703549	Мускат	Черноморская
1016.26961	135.605908	88862.069	32.0780488	2273.9166	406424.174	24.864087	96796.1849	1374.41315	81196.7611	59.79	1158.81921	882.949932	32.0500481	990.571484	Рислинг	Таманская
1192.03951	142.599477	92172.4138	36.9512195	1967.78414	375345.91	24.7361689	90984.0348	1369.42488	83295.5466	75.06	1140.88716	880.195245	35.1251203	1348.7589	Рислинг	Таманская
959.471238	148.869574	88241.3793	48.804878	1864.75879	396274.034	24.9600256	96527.4725	1349.91197	84694.7368	64.245	1154.41485	874.685869	32.093359	1492.20704	Рислинг	Таманская
1361.27252	209.957797	94847.2906	13.475122	1124.00654	365009.91	26.2232171	73098.646	1216.40258	72553.8462	48.12	1244.70428	823.651653	25.2502406	761.256494	Рислинг	Таманская
1299.53515	198.653537	90931.0345	13.9609756	1073.08258	372320.551	25.0239846	74181.8182	1159.4777	72991.0931	44.805	1192.00923	790.885366	22.9692012	739.753704	Рислинг	Таманская
1322.63219	207.546222	95172.4138	7.50585366	1116.64759	362503.404	25.9833706	73377.176	1212.00117	74288.2591	43.815	1223.31166	826.986275	25.2358037	755.916875	Рислинг	Таманская
1401.36549	196.995579	87561.5764	20.5902439	1226.14881	344163.005	26.4150943	69397.4705	1123.23944	73340.8907	64.935	1230.3901	773.342355	24.0952839	2438.90706	Рислинг	Таманская
1404.70657	199.105707	81871.9212	21.995122	1257.35078	353476.02	27.0706748	70760.9372	1169.01408	71242.1053	56.37	1295.98364	794.654939	24.5428296	932.268617	Рислинг	Таманская
1376.8158	202.120177	83615.7635	32.6195122	1280.16353	409040.19	27.9501119	81569.1478	1191.46127	72306.0729	60.675	1287.96141	807.848444	24.4417709	965.316529	Рислинг	Таманская
1490.41255	225.482315	100891.626	31.5219512	1239.68929	391879.128	27.5023985	82962.4715	1294.1608	75366.8016	54.825	1277.1078	878.165475	23.9797883	879.161054	Рислинг	Таманская
1443.49216	218.247588	98408.867	33.7609756	1205.39657	383403.238	26.9747362	81549.2432	1250	73515.7895	59.43	1222.52517	849.458728	22.5360924	918.270156	Рислинг	Таманская
1518.01278	222.769293	99192.1182	27.4829268	1273.98201	370846.363	26.846818	78901.9283	1255.57512	73588.664	57.255	1243.91779	855.548038	24.2252166	987.973831	Рислинг	Таманская
2683.3269	167.002215	86992.5926	5005.6338	4676.75941	950146.568	19.8777264	52191.1381	1110.58824	132369.231	68.805	628.434886	1329.17068	27.8571429	626.631478	Рислинг	Таманская
2454.65071	245.520435	85733.3333	4908.4507	4611.94763	805576.853	19.6463979	45039.0964	1097.64706	132952.227	71.145	615.292712	1309.06461	25.2040816	620.297505	Рислинг	Таманская
2595.04052	167.153211	89466.6667	5059.15493	4729.78723	820013.347	19.9107733	45289.3136	1122.79412	134336.842	75.6	661.14098	1342.18901	24.7521866	677.015355	Рислинг	Таманская
2558.45151	154.334038	85559.2972	1055.76923	6393.29268	372300	34.5622843	214100	3001.89053	61067.7551	68.8061041	967.252994	1743.96091	14.9333925	3308.82353	Рислинг	Таманская
2545.51552	154.032014	82963.3968	1049.32916	6365.85366	356800	33.7307813	198500	3005.94166	60876.7347	65.6014363	952.844311	1741.19491	14.8534636	3308.82353	Рислинг	Таманская
807.878245	122.39603	73115.4144	55.4841549	3429.59427	300800	14.7607194	99070	775	20650.8314	6.71455577	303.088067	669.678908	10.5199241	60.7529949	Рислинг	Таманская
754.968666	119.390359	74272.6569	56.2367958	3468.25776	352300	15.377972	113600	786.675824	22375.2969	5.29111531	292.937476	664.631802	9.40275142	99.6006845	Рислинг	Таманская
1771.43389	169.02439	97114.5663	52.8381963	4768.19277	738298.073	12.2118959	62926.3844	620.631342	23338.6201	27.375	665.373563	687.170557	36.3195777	581.853029	Рислинг	Южно-предгорная
1691.92858	170.487805	97306.0556	51.1405836	4747.95181	726748.042	12.267658	61665.1466	620.067644	24123.7113	28.47	647.413793	689.853163	32.0153551	586.060209	Рислинг	Южно-предгорная
1927.65483	177.658537	99073.6498	52.5862069	4854.93976	862134.493	12.1758146	72349.1857	631.764374	20740.682	26.67	663.505747	709.760919	36.5067179	599.382947	Рислинг	Южно-предгорная
2138.27413	128.531707	88777.4141	69.7745358	5333.49398	547772.778	14.2619724	59194.7883	634.301015	36142.7439	30.96	530.747126	658.650226	27.6823417	813.107704	Рислинг	Южно-предгорная
2261.01916	135.570732	90662.8478	73.3289125	5413.01205	696918.832	13.7437131	74527.6873	645.715896	54499.6035	33.72	525.143678	667.262801	30.0287908	939.463351	Рислинг	Южно-предгорная
2122.931	129.790244	89278.2324	69.2572944	5410.12048	560126.29	14.0258036	59986.9707	649.661781	35214.9088	29.205	539.655172	661.332831	23.5364683	821.942782	Рислинг	Южно-предгорная
1965.31523	433.902439	76787.234	57.2413793	3991.80723	821759.602	14.5358627	71411.0749	371.899662	61251.3878	22.935	494.396552	706.795934	18.2821497	890.940539	Рислинг	Южно-предгорная
1979.26353	438.878049	78098.1997	70.3846154	5696.38554	934026.44	14.8835557	81089.3848	529.312289	64862.8073	52.125	700.431034	695.924322	25.3214971	846.905385	Рислинг	Южно-предгорная
1797.44194	193.197617	91874.3802	29.3109541	3495.14563	886007.035	11.0506923	65808.9951	464.81907	25146.0142	17.415	584.701946	577.021397	42.5591296	213.36577	Рислинг	Южно-предгорная
1917.1807	197.219464	92171.9008	25.9982332	3489.32039	1078966.65	10.8748325	78403.0815	469.126939	33258.09	20.895	580.139903	578.299564	46.986755	234.831139	Рислинг	Южно-предгорная
1816.49129	192.45283	91993.3884	26.2632509	3516.99029	910408.733	10.9284279	66222.2726	466.829408	26694.5541	19.32	537.408759	577.447453	41.2393567	223.955352	Рислинг	Южно-предгорная
1938.95138	459.086395	68429.7521	66.9964664	3838.83495	916386.659	14.7035507	85515.8038	366.45606	58872.9282	27.165	549.574209	711.939027	19.3708609	404.979966	Рислинг	Южно-предгорная
746.825702	90.8832335	67199.0212	29.3355325	559.070905	258483.412	3.66983754	48268.2141	586.764706	15009.6308	11.91	484.60801	503.74424	12.6695906	312.993263	Рислинг	Черноморская
806.848788	96.991018	67991.8434	33.2375118	537.506112	240624.558	3.43896965	45390.0709	591.911765	15168.5393	9.951	471.3464	514.544931	13.755848	309.239654	Рислинг	Черноморская
660.686803	84.8053892	65965.7423	32.9123468	513.740831	195611.891	3.209705	37323.0174	579.558824	15890.8507	8.6475	462.07925	488.91129	12.5482456	294.513956	Рислинг	Черноморская
2618.36851	153.388998	91254.4571	463.317073	6550.08078	445664.408	29.7877956	73935.7247	1674.08124	106093.775	83.97	606.812447	1099.20182	33.2507289	1456.53425	Рислинг	Черноморская
2397.31888	137.976424	84457.0502	434.634146	6509.36995	438025.642	29.2018581	73169.3966	1647.96905	98512.5303	46.68	585.523549	1082.95325	29.2419825	568.364997	Рислинг	Черноморская
2527.09641	145.152259	87286.872	437.560976	6413.40872	450582.517	28.9484797	73179.349	1636.36364	96184.3169	125.835	586.312027	1073.26112	29.6501458	1189.8388	Рислинг	Черноморская
2595.55048	177.40668	86732.577	375.073171	6161.87399	552580.095	36.1064189	71448.098	1311.99226	82549.7171	63.03	541.053406	1164.90878	38.9941691	1207.25389	Рислинг	Черноморская
2310.32516	160.609037	81743.9222	379.02439	6124.07108	498690.22	36.3122889	64165.0548	1294.72921	80439.7736	84.96	550.83053	1141.10604	28.7172012	657.023604	Рислинг	Черноморская
2417.28465	166.650295	84282.0097	389.268293	6401.77706	532423.611	37.8642314	68745.3256	1351.30561	99036.3783	44.13	554.615223	1193.41505	37.2740525	461.427749	Рислинг	Черноморская
2458.64233	140.230845	84384.1167	429.365854	6003.39257	440936.148	29.1701858	67538.3623	1652.32108	101306.386	64.485	553.511354	1092.21779	33.8483965	697.610823	Рислинг	Черноморская
2514.26127	153.536346	85098.8655	431.121951	6094.99192	385166.394	29.1543497	60214.0554	1661.02515	98934.519	75.81	550.357443	1099.48689	50.9912536	711.139896	Рислинг	Черноморская
2552.76669	146.846758	88847.6499	435.365854	6153.15024	457228.436	29.8511402	71943.2624	1691.48936	100418.755	79.005	554.615223	1123.85975	29.5918367	1022.88428	Рислинг	Черноморская
746.825702	90.8832335	67199.0212	29.3355325	559.070905	258483.412	3.66983754	48268.2141	586.764706	15009.6308	11.91	484.60801	503.74424	12.6695906	312.993263	Рислинг	Черноморская
806.848788	96.991018	67991.8434	33.2375118	537.506112	240624.558	3.43896965	45390.0709	591.911765	15168.5393	9.951	471.3464	514.544931	13.755848	309.239654	Рислинг	Черноморская
660.686803	84.8053892	65965.7423	32.9123468	513.740831	195611.891	3.209705	37323.0174	579.558824	15890.8507	8.6475	462.07925	488.91129	12.5482456	294.513956	Рислинг	Черноморская
774.749132	100.035233	70325.9259	74.5352113	848.150573	256682.914	20.1751487	55735.8818	1019.41176	33463.9676	17.79	712.365591	567.743491	16.6472303	314.107486	Рислинг	Черноморская
756.947125	98.4497685	69362.963	65.6760563	790.998363	249925.407	19.7620621	54912.2502	1007.64706	31671.2551	8.826	709.229391	559.932498	14.6209913	288.915547	Рислинг	Черноморская
760.275955	102.103886	71570.3704	67.915493	798.363339	247672.904	20.1916722	53921.8071	1041.02941	37209.7166	11.7345	736.55914	576.856316	14.4402332	308.493282	Рислинг	Черноморская
540.645389	182.769992	77166.3158	42.8486998	2305.8548	555429.931	22.6378676	84221.621	1175.57731	70550.7246	34.71	1295.29877	818.380921	17.4831933	382.191135	Шардоне	Таманская
952.080762	177.081616	82294.7368	34.0543735	1707.25995	560138.593	19.0119485	73290.2012	1711.84739	81666.6667	47.22	1585.67663	830.183323	19.0840336	395.040868	Шардоне	Таманская
983.953447	175.845012	82913.6842	46.2884161	1732.55269	577339.623	18.6397059	74803.4349	1736.94779	80695.6522	38.85	1638.4007	846.731019	19.1218487	411.191449	Шардоне	Таманская
990.69829	109.167354	66480	77.1867612	1104.0281	685446.66	17.7573529	77773.4384	1103.16265	59231.8841	27.795	843.453427	612.386437	17.6848739	406.475951	Шардоне	Таманская
950.625992	108.116241	66063.1579	77.9432624	1109.78923	696689.792	17.7849265	77988.0014	1097.64056	61275.3623	25.44	851.230228	606.181051	18.5294118	411.191449	Шардоне	Таманская
904.437283	102.693247	66049.4845	90.4328018	1123.26531	674876.194	16.6858407	75266.4392	1140.03019	54013.2743	25.02	783.028617	586.583101	19.0174129	402.45864	Шардоне	Таманская
592.959841	43.7794955	19744.3299	553.189066	2487.07483	567585.506	58.6725664	24827.2583	207.026664	21637.1681	11.817	396.82035	416.318477	7.46144279	124.195772	Шардоне	Таманская
570.649479	41.2530513	19954.6392	570.501139	2578.23129	545475.718	60.3318584	25378.7639	210.171055	21477.8761	9.651	413.394277	422.585887	5.01865672	116.498162	Шардоне	Таманская
549.330689	44.4995932	19410.3093	552.961276	2485.71429	569301.791	58.6858407	25122.0285	201.869864	20867.2566	7.1145	414.348172	410.51532	5.48756219	119.255515	Шардоне	Таманская
1066.28449	107.089241	51182.7195	47.4025424	2889.35825	635631.154	41.300578	57337.5594	1586.29004	53718.5185	79.155	1122.72977	803.253686	19.5747423	678.670473	Шардоне	Таманская
1057.95414	109.453711	50762.0397	48.5974576	2883.50934	626746.855	41.5028902	55958.7956	1600.49948	51970.3704	78.03	1120.39075	807.956279	18.4536082	677.202284	Шардоне	Таманская
1238.40021	109.566305	50940.5099	48.4830508	4936.47441	659356.268	41.6763006	57908.0824	1599.20772	53096.2963	74.31	1112.54816	805.668531	18.8659794	685.154976	Шардоне	Таманская
663.606234	60.412844	23188.3853	559.449153	3009.26076	531038.734	52.4132948	26900.1585	398.768515	34740.7407	12.5175	453.357182	461.616675	10.806701	191.721044	Шардоне	Таманская
637.943389	59.3369475	22627.4788	551.440678	2962.46954	520841.983	52.1965318	26605.3883	391.92215	30666.6667	12.777	453.90754	454.37214	8.47164948	187.194127	Шардоне	Таманская
667.771408	59.2743953	23060.9065	552.076271	2952.23396	563345.273	51.8641618	28345.4834	390.630382	33140.7407	16.41	477.572922	458.439248	10.2770619	184.1354	Шардоне	Таманская
566.408965	48.7347932	48085.7143	38.0643813	7756.46688	1055010.41	62.0913462	75460.1522	366.704407	38201.9704	8.6325	110.970955	1081.20162	27.8846154	70.2880859	Шардоне	Таманская
570.708826	51.3746959	48985.7143	38.1521739	7928.23344	802009.829	64.1971154	57505.807	367.618882	46891.6256	14.0265	109.183578	1104.55234	26.5641026	54.8461914	Шардоне	Таманская
543.606671	48.783455	47314.2857	34.7408027	7668.45426	821292.795	61.3269231	57553.8646	360.82564	38142.8571	10.191	118.134426	1072.74487	27.8076923	61.8530273	Шардоне	Таманская
1208.2693	129.647117	56499.6326	909.532215	4069.98469	769600	38.0897463	173800	2810.99196	36668.2809	2240.25974	1590.06395	1284.03431	11.8267196	7733.58349	Шардоне	Таманская
450.633884	81.6650099	50772.9611	126.368049	1082.89433	510100	15.0990774	127100	1282.43968	44644.0678	35.4684601	1641.0469	651.494189	15.1190476	859.193246	Шардоне	Таманская
332.356896	66.083499	43459.2212	214.607237	3182.38897	622600	12.7904173	159900	1808.31099	37409.201	3132.18924	1311.16769	556.308799	11.2328042	1439.49343	Шардоне	Таманская
708.970085	68.2608277	63724.0836	11.4807302	1961.88222	646656.562	39.6172927	138912.861	94.7536408	57737.6707	12.3651452	2775.5189	1036	23.4285714	10.3681662	Шардоне	Таманская
720.04895	68.8864293	64339.0045	9.95131846	1967.25616	692455.379	39.7873848	146345.072	98.0707929	58458.494	13.432128	2832.70103	1045	20.9230769	9.90417591	Шардоне	Таманская
675.102564	69.7430221	64646.465	11.0040568	1942.53605	664763.071	40.5811481	142588.13	96.7156149	59815.3379	12.910492	2743.62887	1050	20.5604396	20.343958	Шардоне	Таманская
800.964659	72.1491819	56001.4009	6.82555781	1035.41558	491626.976	23.869596	116861.243	1118.55016	51748.4768	13.3609959	4836.27491	818.1	18.7472527	395.63143	Шардоне	Таманская
730.017094	70.4744947	54373.6692	3.62677485	1016.06941	490088.515	23.4443657	119066.405	1108.43689	51759.0772	15.1511559	4679.02405	800.2	17.3406593	392.000202	Шардоне	Таманская
703.380525	71.4177093	54093.3376	4.11561866	1057.98612	489970.172	23.6711552	118249.679	1130.68608	50836.8473	13.787789	4593.25086	822.1	16.1978022	410.761549	Шардоне	Таманская
167.826903	52.5174207	58946.7872	82.3819978	482.531616	530764.308	32.7312454	113773.894	875.993034	41877.2502	36.0712298	5668.71478	615.4	12.787696	483.964578	Шардоне	Таманская
186.479642	82.6162246	61081.2553	85.8616905	468.480094	529958.939	34.0713765	115745.632	900.481498	42671.7472	30.6956038	6087.68385	624.9	11.8226779	496.607629	Шардоне	Таманская
467.75266	53.6262976	35201.9704	28.633035	2624.14824	783643.86	8.7861244	54844.5891	814.851132	23560.5096	7.458	646.742958	904.985192	14.2091837	361.672052	Шардоне	Анапская
506.150266	55.266436	35075.2991	32.5996745	2427.25643	782449.281	8.81052632	54444.2636	813.647709	24248.4076	13.6815	636.575704	907.082922	12.5625	347.738288	Шардоне	Анапская
566.115359	111.384083	35037.2977	35.4922701	3153.49671	765526.078	14.7416268	52940.6021	792.520948	25022.293	7.5855	647.007042	900.172754	16.8877551	347.011309	Шардоне	Анапская
483.959441	63.2283737	34251.9353	32.2823434	2391.75134	695444.107	8.30526316	52696.5012	757.889107	21382.1656	8.742	579.797535	869.94077	12.1875	337.681745	Шардоне	Анапская
477.227394	63.6539792	34783.955	28.6940602	2471.3688	703806.16	8.40430622	51231.8959	786.637547	21410.828	12.543	593.926056	887.21619	11.3252551	344.951535	Шардоне	Анапская
520.487035	65.6678201	38862.7727	32.4043938	2376.68858	686982.505	8.40430622	51671.2775	761.63309	22528.6624	16.305	589.832746	865.251728	11.6403061	404.442649	Шардоне	Анапская
1369.44058	161.435523	61997.1429	21.8227425	4759.77918	681365.098	9.21346154	55670.004	665.868316	61477.8325	35.13	613.014336	455.780882	17.5512821	553.100586	Шардоне	Южно-предгорная
1342.07783	159.854015	61392.8571	22.7633779	4729.96845	683384.257	9.15865385	55362.4349	661.295941	58906.4039	35.895	626.838578	450.100976	18.1410256	547.241211	Шардоне	Южно-предгорная
1422.8631	168.36983	62601.4286	28.2065217	4856.30915	703575.843	9.24663462	56044.8538	669.787493	64758.6207	38.91	619.018805	459.441266	20.6410256	577.758789	Шардоне	Южно-предгорная
1337.24861	284.142522	60524.8425	28.415922	5114.91966	646693.64	9.33774834	55348.7242	712.375022	64210.0239	40.14	621.826957	448.059921	17.7099237	593.4	Шардоне	Южно-предгорная
1366.40189	160.924041	59630.5108	27.0999188	5022.64728	718733.374	8.97871334	60733.9004	700.140326	64324.5823	37.875	608.821952	441.306483	20.3435115	592.08	Шардоне	Южно-предгорная
1325.8408	162.216132	59832.0504	27.4289196	4997.85769	710413.568	9.05392621	63582.017	719.873706	61918.8544	38.97	650.518413	446.218075	17.1882952	587.4	Шардоне	Южно-предгорная
1273.87189	206.264683	61759.2722	37.8229082	5705.73833	876711.811	9.57757805	54823.8153	632.257499	52739.8568	40.965	770.915266	465.250491	23.7277354	666.12	Шардоне	Южно-предгорная
1095.27632	198.747063	61822.2533	24.8943948	5736.03673	964412.356	9.55487228	59956.2576	644.492194	54071.599	36.465	803.092599	457.023576	23.0152672	636.48	Шардоне	Южно-предгорная
1079.68565	278.504307	61797.0609	26.3688058	5758.07192	887184.979	9.78476821	56272.175	648.307315	55360.3819	35.355	810.466571	457.269155	20.8778626	641.76	Шардоне	Южно-предгорная
1713.70627	95.2623336	39917.4248	38.1640942	4594.33818	373901.878	11.5245979	42799.514	510.568321	65140.8115	16.185	253.128352	381.630648	19.9745547	278.04	Шардоне	Южно-предгорная
1717.50887	95.6734534	40257.5227	39.9431357	4595.71538	354717.383	11.602649	40972.0535	512.804771	61689.7375	26.175	204.191991	380.64833	16.5903308	288.36	Шардоне	Южно-предгорная
1149.40003	97.4706343	66067.1798	21.7871649	4712.77735	545681.405	13.281457	64651.2758	1110.19996	47856.8019	38.46	710.582767	596.38998	26.3358779	409.56	Шардоне	Южно-предгорная
1039.50482	93.2537197	66004.1987	25.1746548	4708.64575	557133.374	13.2275307	64845.6865	1108.35818	47670.6444	38.355	696.23704	595.776031	23.2697201	408.36	Шардоне	Южно-предгорная
347.18324	59.3362832	37161.7647	56.3110307	695.808	539315.663	9.64972304	47970.956	650.577639	25786.5169	34.26	1386.78392	508.301887	21.5706052	654.117315	Шардоне	Черноморская
437.850842	63.0530973	37823.5294	58.9692586	680.688	542501.643	10.0114044	48987.495	652.046211	25280.8989	31.005	1405.92965	518.632075	21.4697406	671.037789	Шардоне	Черноморская
402.967121	62.5368732	37764.7059	57.9385172	681.84	490109.967	9.96089932	46954.4171	646.318778	26046.549	33.9	1384.07035	517.075472	26.4121037	674.28088	Шардоне	Черноморская
1134.6231	190.265487	77014.7059	44.4846293	2936.16	999158.817	35.3209514	54505.8491	1891.52144	56788.122	57.99	2216.0804	1401.36792	22.8530259	819.232939	Шардоне	Черноморская
1250.40096	200.442478	80352.9412	61.5189873	3087.36	768529.244	37.0967742	45027.8338	1981.10437	46603.5313	58.305	2351.75879	1468.86792	23.9481268	849.407783	Шардоне	Черноморская
877.957097	101.828909	64426.4706	56.7721519	715.824	698400	5.70218312	56122.1029	1015.07734	25020.8668	30.06	931.20603	740.660377	24.481268	543.429216	Шардоне	Черноморская
843.975541	103.702065	64985.2941	55.8363472	698.832	686400	5.56370153	55226.6817	1005.82534	22507.2231	28.545	865.477387	748.726415	19.870317	546.390299	Шардоне	Черноморская
779.621091	100.840708	64426.4706	64.5027125	695.376	682300	5.60606061	55470.8875	1008.0282	24240.7705	30.78	907.386935	741.933962	18.2708934	543.993232	Шардоне	Черноморская
